5245103.00
4903496.00
4772595.00
4375580.00
3757428.00
4247693.00
5325837.00
5193806.00
5120678.00
4856784.00
4423768.00
3831804.00
4154147.00
5082890.00
4902279.00
4818140.00
4690538.00
4438790.00
3973080.00
4228355.00
5097173.00
5098683.00
4819125.00
4690616.00
4301691.00
3706046.00
3801652.00
4935059.00
4929012.00
4975545.00
4675108.00
4153887.00
3736566.00
4000754.00
4964076.00
5078957.00
4894451.00
4933713.00
4765893.00
4101110.00
4211716.00
5495149.00
5584859.00
5451795.00
5127095.00
4835001.00
4248733.00
4408060.00
5512416.00
5314193.00
5209584.00
5073007.00
4775664.00
4210208.00
4365118.00
5308103.00
5211402.00
5094416.00
5006078.00
4579438.00
3974091.00
4120412.00
5113093.00
5071773.00
5102834.00
4941119.00
4487717.00
3944490.00
4219541.00
5103095.00
5114025.00
5017234.00
4916583.00
4599861.00
4107221.00
4331562.00
5268955.00
5250399.00
5128066.00
4931951.00
4580336.00
4019968.00
4382118.00
5461947.00
5388465.00
5232125.00
5194369.00
4885076.00
4354777.00
4675957.00
5585551.00
5693149.00
5464057.00
5199754.00
4868405.00
4452180.00
4616992.00
5491711.00
5667377.00
5482410.00
5270484.00
4826174.00
4359867.00
4784847.00
5623263.00
5739654.00
5535913.00
5390023.00
5261584.00
4859182.00
5193172.00
5856199.00
5706431.00